        TIME,    TIDE,      OB,   SURGE,    BIAS,     TWL,SURGE90p,  TWL90p,SURGE10p,   TWL10p
202603250600,   0.975,   2.030,   1.000,   0.055,   2.030,   1.000,   2.030,   1.000,   2.030
202603250606,   0.923,9999.000,9999.000,9999.000,9999.000,9999.000,9999.000,9999.000,9999.000
202603250612,   0.876,   1.889,9999.000,9999.000,9999.000,9999.000,9999.000,9999.000,9999.000
202603250618,   0.836,9999.000,9999.000,9999.000,9999.000,9999.000,9999.000,9999.000,9999.000
202603250624,   0.803,   1.790,9999.000,9999.000,9999.000,9999.000,9999.000,9999.000,9999.000
202603250630,   0.777,9999.000,9999.000,9999.000,9999.000,9999.000,9999.000,9999.000,9999.000
202603250636,   0.761,   1.728,9999.000,9999.000,9999.000,9999.000,9999.000,9999.000,9999.000
202603250642,   0.753,9999.000,9999.000,9999.000,9999.000,9999.000,9999.000,9999.000,9999.000
202603250648,   0.756,   1.790,9999.000,9999.000,9999.000,9999.000,9999.000,9999.000,9999.000
202603250654,   0.770,9999.000,9999.000,9999.000,9999.000,9999.000,9999.000,9999.000,9999.000
202603250700,   0.796,9999.000,   1.000,9999.000,   1.796,   1.000,   1.796,   1.000,   1.796
202603250706,   0.835,   2.200,9999.000,9999.000,9999.000,9999.000,9999.000,9999.000,9999.000
202603250712,   0.886,   2.420,9999.000,9999.000,9999.000,9999.000,9999.000,9999.000,9999.000
202603250718,   0.951,   2.660,9999.000,9999.000,9999.000,9999.000,9999.000,9999.000,9999.000
202603250724,   1.029,   2.889,9999.000,9999.000,9999.000,9999.000,9999.000,9999.000,9999.000
202603250730,   1.120,   3.109,9999.000,9999.000,9999.000,9999.000,9999.000,9999.000,9999.000
202603250736,   1.226,   3.309,9999.000,9999.000,9999.000,9999.000,9999.000,9999.000,9999.000
202603250742,   1.344,   3.509,9999.000,9999.000,9999.000,9999.000,9999.000,9999.000,9999.000
202603250748,   1.476,   3.689,9999.000,9999.000,9999.000,9999.000,9999.000,9999.000,9999.000
202603250754,   1.620,   3.870,9999.000,9999.000,9999.000,9999.000,9999.000,9999.000,9999.000
202603250800,   1.776,   4.047,   1.000,   1.271,   4.047,   1.000,   4.047,   1.000,   4.047
202603250806,   1.942,   4.208,9999.000,9999.000,9999.000,9999.000,9999.000,9999.000,9999.000
202603250812,   2.119,   4.368,9999.000,9999.000,9999.000,9999.000,9999.000,9999.000,9999.000
202603250818,   2.304,   4.539,9999.000,9999.000,9999.000,9999.000,9999.000,9999.000,9999.000
202603250824,   2.498,   4.700,9999.000,9999.000,9999.000,9999.000,9999.000,9999.000,9999.000
202603250830,   2.698,   4.857,9999.000,9999.000,9999.000,9999.000,9999.000,9999.000,9999.000
202603250836,   2.903,   5.028,9999.000,9999.000,9999.000,9999.000,9999.000,9999.000,9999.000
202603250842,   3.113,   5.218,9999.000,9999.000,9999.000,9999.000,9999.000,9999.000,9999.000
202603250848,   3.326,   5.428,9999.000,9999.000,9999.000,9999.000,9999.000,9999.000,9999.000
202603250854,   3.541,   5.648,9999.000,9999.000,9999.000,9999.000,9999.000,9999.000,9999.000
202603250900,   3.756,   5.877,   1.000,   1.121,   5.877,   1.000,   5.877,   1.000,   5.877
202603250906,   3.971,   6.127,9999.000,9999.000,9999.000,9999.000,9999.000,9999.000,9999.000
202603250912,   4.184,   6.379,9999.000,9999.000,9999.000,9999.000,9999.000,9999.000,9999.000
202603250918,   4.395,   6.619,9999.000,9999.000,9999.000,9999.000,9999.000,9999.000,9999.000
202603250924,   4.603,   6.848,9999.000,9999.000,9999.000,9999.000,9999.000,9999.000,9999.000
202603250930,   4.806,   7.048,9999.000,9999.000,9999.000,9999.000,9999.000,9999.000,9999.000
202603250936,   5.005,   7.238,9999.000,9999.000,9999.000,9999.000,9999.000,9999.000,9999.000
202603250942,   5.199,   7.419,9999.000,9999.000,9999.000,9999.000,9999.000,9999.000,9999.000
202603250948,   5.387,   7.576,9999.000,9999.000,9999.000,9999.000,9999.000,9999.000,9999.000
202603250954,   5.568,   7.717,9999.000,9999.000,9999.000,9999.000,9999.000,9999.000,9999.000
202603251000,   5.743,   7.868,   1.000,   1.125,   7.868,   1.000,   7.868,   1.000,   7.868
202603251006,   5.912,   8.006,9999.000,9999.000,9999.000,9999.000,9999.000,9999.000,9999.000
202603251012,   6.073,   8.127,9999.000,9999.000,9999.000,9999.000,9999.000,9999.000,9999.000
202603251018,   6.227,   8.259,9999.000,9999.000,9999.000,9999.000,9999.000,9999.000,9999.000
202603251024,   6.374,   8.377,9999.000,9999.000,9999.000,9999.000,9999.000,9999.000,9999.000
202603251030,   6.513,   8.478,9999.000,9999.000,9999.000,9999.000,9999.000,9999.000,9999.000
202603251036,   6.645,   8.577,9999.000,9999.000,9999.000,9999.000,9999.000,9999.000,9999.000
202603251042,   6.770,   8.669,9999.000,9999.000,9999.000,9999.000,9999.000,9999.000,9999.000
202603251048,   6.886,   8.747,9999.000,9999.000,9999.000,9999.000,9999.000,9999.000,9999.000
202603251054,   6.994,   8.816,9999.000,9999.000,9999.000,9999.000,9999.000,9999.000,9999.000
202603251100,   7.094,   8.898,   1.000,   0.804,   8.898,   1.000,   8.898,   1.000,   8.898
202603251106,   7.186,   8.957,9999.000,9999.000,9999.000,9999.000,9999.000,9999.000,9999.000
202603251112,   7.270,   9.006,9999.000,9999.000,9999.000,9999.000,9999.000,9999.000,9999.000
202603251118,   7.345,   9.056,9999.000,9999.000,9999.000,9999.000,9999.000,9999.000,9999.000
202603251124,   7.410,   9.088,9999.000,9999.000,9999.000,9999.000,9999.000,9999.000,9999.000
202603251130,   7.467,   9.108,9999.000,9999.000,9999.000,9999.000,9999.000,9999.000,9999.000
202603251136,   7.514,   9.118,9999.000,9999.000,9999.000,9999.000,9999.000,9999.000,9999.000
202603251142,   7.552,   9.118,9999.000,9999.000,9999.000,9999.000,9999.000,9999.000,9999.000
202603251148,   7.581,   9.118,9999.000,9999.000,9999.000,9999.000,9999.000,9999.000,9999.000
202603251154,   7.599,   9.098,9999.000,9999.000,9999.000,9999.000,9999.000,9999.000,9999.000
202603251200,   7.608,   9.056,   0.800,   0.648,   9.056,   0.800,   9.056,   0.900,   9.156
202603251206,   7.607,   9.026,9999.000,9999.000,9999.000,9999.000,9999.000,9999.000,9999.000
202603251212,   7.596,   8.977,9999.000,9999.000,9999.000,9999.000,9999.000,9999.000,9999.000
202603251218,   7.575,   8.908,9999.000,9999.000,9999.000,9999.000,9999.000,9999.000,9999.000
202603251224,   7.545,   8.836,9999.000,9999.000,9999.000,9999.000,9999.000,9999.000,9999.000
202603251230,   7.506,   8.747,9999.000,9999.000,9999.000,9999.000,9999.000,9999.000,9999.000
202603251236,   7.458,   8.649,9999.000,9999.000,9999.000,9999.000,9999.000,9999.000,9999.000
202603251242,   7.401,   8.557,9999.000,9999.000,9999.000,9999.000,9999.000,9999.000,9999.000
202603251248,   7.337,   8.459,9999.000,9999.000,9999.000,9999.000,9999.000,9999.000,9999.000
202603251254,   7.265,   8.357,9999.000,9999.000,9999.000,9999.000,9999.000,9999.000,9999.000
202603251300,   7.186,   8.249,   0.800,   0.263,   8.249,   0.800,   8.249,   0.900,   8.349
202603251306,   7.101,   8.127,9999.000,9999.000,9999.000,9999.000,9999.000,9999.000,9999.000
202603251312,   7.010,   8.016,9999.000,9999.000,9999.000,9999.000,9999.000,9999.000,9999.000
202603251318,   6.915,   7.908,9999.000,9999.000,9999.000,9999.000,9999.000,9999.000,9999.000
202603251324,   6.814,   7.786,9999.000,9999.000,9999.000,9999.000,9999.000,9999.000,9999.000
202603251330,   6.711,   7.668,9999.000,9999.000,9999.000,9999.000,9999.000,9999.000,9999.000
202603251336,   6.604,   7.547,9999.000,9999.000,9999.000,9999.000,9999.000,9999.000,9999.000
202603251342,   6.494,   7.429,9999.000,9999.000,9999.000,9999.000,9999.000,9999.000,9999.000
202603251348,   6.383,   7.307,9999.000,9999.000,9999.000,9999.000,9999.000,9999.000,9999.000
202603251354,   6.270,   7.189,9999.000,9999.000,9999.000,9999.000,9999.000,9999.000,9999.000
202603251400,   6.156,   7.068,   0.800,   0.112,   7.068,   0.800,   7.068,   0.800,   7.068
202603251406,   6.042,   6.937,9999.000,9999.000,9999.000,9999.000,9999.000,9999.000,9999.000
202603251412,   5.927,   6.809,9999.000,9999.000,9999.000,9999.000,9999.000,9999.000,9999.000
202603251418,   5.813,   6.668,9999.000,9999.000,9999.000,9999.000,9999.000,9999.000,9999.000
202603251424,   5.699,   6.556,9999.000,9999.000,9999.000,9999.000,9999.000,9999.000,9999.000
202603251430,   5.585,   6.428,9999.000,9999.000,9999.000,9999.000,9999.000,9999.000,9999.000
202603251436,   5.472,   6.307,9999.000,9999.000,9999.000,9999.000,9999.000,9999.000,9999.000
202603251442,   5.360,   6.179,9999.000,9999.000,9999.000,9999.000,9999.000,9999.000,9999.000
202603251448,   5.249,   6.058,9999.000,9999.000,9999.000,9999.000,9999.000,9999.000,9999.000
202603251454,   5.139,   5.940,9999.000,9999.000,9999.000,9999.000,9999.000,9999.000,9999.000
202603251500,   5.030,   5.799,   0.800,  -0.031,   5.799,   0.800,   5.799,   0.800,   5.799
202603251506,   4.922,   5.697,9999.000,9999.000,9999.000,9999.000,9999.000,9999.000,9999.000
202603251512,   4.815,   5.579,9999.000,9999.000,9999.000,9999.000,9999.000,9999.000,9999.000
202603251518,   4.709,   5.457,9999.000,9999.000,9999.000,9999.000,9999.000,9999.000,9999.000
202603251524,   4.604,   5.339,9999.000,9999.000,9999.000,9999.000,9999.000,9999.000,9999.000
202603251530,   4.501,   5.218,9999.000,9999.000,9999.000,9999.000,9999.000,9999.000,9999.000
202603251536,   4.398,   5.097,9999.000,9999.000,9999.000,9999.000,9999.000,9999.000,9999.000
202603251542,   4.296,   4.979,9999.000,9999.000,9999.000,9999.000,9999.000,9999.000,9999.000
202603251548,   4.196,   4.867,9999.000,9999.000,9999.000,9999.000,9999.000,9999.000,9999.000
202603251554,   4.096,   4.759,9999.000,9999.000,9999.000,9999.000,9999.000,9999.000,9999.000
202603251600,   3.998,   4.657,   0.800,  -0.141,   4.657,   0.700,   4.557,   0.800,   4.657
202603251606,   3.901,   4.539,9999.000,9999.000,9999.000,9999.000,9999.000,9999.000,9999.000
202603251612,   3.805,   4.418,9999.000,9999.000,9999.000,9999.000,9999.000,9999.000,9999.000
202603251618,   3.709,   4.309,9999.000,9999.000,9999.000,9999.000,9999.000,9999.000,9999.000
202603251624,   3.615,   4.208,9999.000,9999.000,9999.000,9999.000,9999.000,9999.000,9999.000
202603251630,   3.521,   4.090,9999.000,9999.000,9999.000,9999.000,9999.000,9999.000,9999.000
202603251636,   3.428,   3.988,9999.000,9999.000,9999.000,9999.000,9999.000,9999.000,9999.000
202603251642,   3.335,   3.880,9999.000,9999.000,9999.000,9999.000,9999.000,9999.000,9999.000
202603251648,   3.242,   3.778,9999.000,9999.000,9999.000,9999.000,9999.000,9999.000,9999.000
202603251654,   3.150,   3.680,9999.000,9999.000,9999.000,9999.000,9999.000,9999.000,9999.000
202603251700,   3.057,   3.578,   0.700,  -0.179,   3.578,   0.700,   3.578,   0.800,   3.678
202603251706,   2.964,   3.470,9999.000,9999.000,9999.000,9999.000,9999.000,9999.000,9999.000
202603251712,   2.870,   3.368,9999.000,9999.000,9999.000,9999.000,9999.000,9999.000,9999.000
202603251718,   2.776,   3.270,9999.000,9999.000,9999.000,9999.000,9999.000,9999.000,9999.000
202603251724,   2.680,   3.168,9999.000,9999.000,9999.000,9999.000,9999.000,9999.000,9999.000
202603251730,   2.584,   3.070,9999.000,9999.000,9999.000,9999.000,9999.000,9999.000,9999.000
202603251736,   2.486,   2.978,9999.000,9999.000,9999.000,9999.000,9999.000,9999.000,9999.000
202603251742,   2.386,   2.879,9999.000,9999.000,9999.000,9999.000,9999.000,9999.000,9999.000
202603251748,   2.286,   2.768,9999.000,9999.000,9999.000,9999.000,9999.000,9999.000,9999.000
202603251754,   2.184,   2.679,9999.000,9999.000,9999.000,9999.000,9999.000,9999.000,9999.000
202603251800,   2.081,   2.587,   0.700,  -0.194,   2.587,   0.700,   2.587,   0.700,   2.587
202603251806,   1.978,   2.489,9999.000,9999.000,9999.000,9999.000,9999.000,9999.000,9999.000
202603251812,   1.874,   2.400,9999.000,9999.000,9999.000,9999.000,9999.000,9999.000,9999.000
202603251818,   1.771,   2.309,9999.000,9999.000,9999.000,9999.000,9999.000,9999.000,9999.000
202603251824,   1.668,   2.220,9999.000,9999.000,9999.000,9999.000,9999.000,9999.000,9999.000
202603251830,   1.567,   2.128,9999.000,9999.000,9999.000,9999.000,9999.000,9999.000,9999.000
202603251836,   1.469,   2.040,9999.000,9999.000,9999.000,9999.000,9999.000,9999.000,9999.000
202603251842,   1.373,   1.948,9999.000,9999.000,9999.000,9999.000,9999.000,9999.000,9999.000
202603251848,   1.282,   1.869,9999.000,9999.000,9999.000,9999.000,9999.000,9999.000,9999.000
202603251854,   1.196,   1.800,9999.000,9999.000,9999.000,9999.000,9999.000,9999.000,9999.000
202603251900,   1.117,   1.708,   0.700,  -0.109,   1.708,   0.600,   1.608,   0.700,   1.708
202603251906,   1.044,   1.620,9999.000,9999.000,9999.000,9999.000,9999.000,9999.000,9999.000
202603251912,   0.980,   1.528,9999.000,9999.000,9999.000,9999.000,9999.000,9999.000,9999.000
202603251918,   0.925,   1.459,9999.000,9999.000,9999.000,9999.000,9999.000,9999.000,9999.000
202603251924,   0.879,   1.400,9999.000,9999.000,9999.000,9999.000,9999.000,9999.000,9999.000
202603251930,   0.845,   1.318,9999.000,9999.000,9999.000,9999.000,9999.000,9999.000,9999.000
202603251936,   0.823,   1.269,9999.000,9999.000,9999.000,9999.000,9999.000,9999.000,9999.000
202603251942,   0.813,   1.200,9999.000,9999.000,9999.000,9999.000,9999.000,9999.000,9999.000
202603251948,   0.815,   1.170,9999.000,9999.000,9999.000,9999.000,9999.000,9999.000,9999.000
202603251954,   0.831,   1.151,9999.000,9999.000,9999.000,9999.000,9999.000,9999.000,9999.000
202603252000,   0.861,   1.128,   0.600,  -0.333,   1.128,   0.600,   1.128,   0.700,   1.228
202603252006,   0.903,   1.108,9999.000,9999.000,9999.000,9999.000,9999.000,9999.000,9999.000
202603252012,   0.960,   1.151,9999.000,9999.000,9999.000,9999.000,9999.000,9999.000,9999.000
202603252018,   1.029,   1.210,9999.000,9999.000,9999.000,9999.000,9999.000,9999.000,9999.000
202603252024,   1.111,   1.308,9999.000,9999.000,9999.000,9999.000,9999.000,9999.000,9999.000
202603252030,   1.205,   1.469,9999.000,9999.000,9999.000,9999.000,9999.000,9999.000,9999.000
202603252036,   1.311,   1.689,9999.000,9999.000,9999.000,9999.000,9999.000,9999.000,9999.000
202603252042,   1.427,   1.908,9999.000,9999.000,9999.000,9999.000,9999.000,9999.000,9999.000
202603252048,   1.554,   2.148,9999.000,9999.000,9999.000,9999.000,9999.000,9999.000,9999.000
202603252054,   1.689,   2.400,9999.000,9999.000,9999.000,9999.000,9999.000,9999.000,9999.000
202603252100,   1.833,   2.610,   0.600,   0.177,   2.610,   0.600,   2.610,   0.700,   2.710
202603252106,   1.983,   2.807,9999.000,9999.000,9999.000,9999.000,9999.000,9999.000,9999.000
202603252112,   2.139,   3.007,9999.000,9999.000,9999.000,9999.000,9999.000,9999.000,9999.000
202603252118,   2.301,   3.168,9999.000,9999.000,9999.000,9999.000,9999.000,9999.000,9999.000
202603252124,   2.466,   3.339,9999.000,9999.000,9999.000,9999.000,9999.000,9999.000,9999.000
202603252130,   2.634,   3.509,9999.000,9999.000,9999.000,9999.000,9999.000,9999.000,9999.000
202603252136,   2.805,   3.660,9999.000,9999.000,9999.000,9999.000,9999.000,9999.000,9999.000
202603252142,   2.976,   3.808,9999.000,9999.000,9999.000,9999.000,9999.000,9999.000,9999.000
202603252148,   3.148,   3.968,9999.000,9999.000,9999.000,9999.000,9999.000,9999.000,9999.000
202603252154,   3.320,   4.119,9999.000,9999.000,9999.000,9999.000,9999.000,9999.000,9999.000
202603252200,   3.491,   4.267,   0.600,   0.176,   4.267,   0.600,   4.267,   0.600,   4.267
202603252206,   3.661,   4.447,9999.000,9999.000,9999.000,9999.000,9999.000,9999.000,9999.000
202603252212,   3.828,   4.628,9999.000,9999.000,9999.000,9999.000,9999.000,9999.000,9999.000
202603252218,   3.994,   4.818,9999.000,9999.000,9999.000,9999.000,9999.000,9999.000,9999.000
202603252224,   4.156,   5.038,9999.000,9999.000,9999.000,9999.000,9999.000,9999.000,9999.000
202603252230,   4.316,   5.277,9999.000,9999.000,9999.000,9999.000,9999.000,9999.000,9999.000
202603252236,   4.473,   5.516,9999.000,9999.000,9999.000,9999.000,9999.000,9999.000,9999.000
202603252242,   4.626,   5.749,9999.000,9999.000,9999.000,9999.000,9999.000,9999.000,9999.000
202603252248,   4.776,   5.969,9999.000,9999.000,9999.000,9999.000,9999.000,9999.000,9999.000
202603252254,   4.921,   6.169,9999.000,9999.000,9999.000,9999.000,9999.000,9999.000,9999.000
202603252300,   5.063,   6.346,   0.600,   0.683,   6.346,   0.600,   6.346,   0.600,   6.346
202603252306,   5.200,   6.517,9999.000,9999.000,9999.000,9999.000,9999.000,9999.000,9999.000
202603252312,   5.333,   6.658,9999.000,9999.000,9999.000,9999.000,9999.000,9999.000,9999.000
202603252318,   5.460,   6.789,9999.000,9999.000,9999.000,9999.000,9999.000,9999.000,9999.000
202603252324,   5.583,   6.907,9999.000,9999.000,9999.000,9999.000,9999.000,9999.000,9999.000
202603252330,   5.700,   7.038,9999.000,9999.000,9999.000,9999.000,9999.000,9999.000,9999.000
202603252336,   5.811,   7.147,9999.000,9999.000,9999.000,9999.000,9999.000,9999.000,9999.000
202603252342,   5.915,   7.258,9999.000,9999.000,9999.000,9999.000,9999.000,9999.000,9999.000
202603252348,   6.013,   7.357,9999.000,9999.000,9999.000,9999.000,9999.000,9999.000,9999.000
202603252354,   6.103,   7.448,9999.000,9999.000,9999.000,9999.000,9999.000,9999.000,9999.000
202603260000,   6.186,   7.537,   0.400,   0.951,   7.537,   0.400,   7.537,   0.400,   7.537
202603260006,   6.261,   7.639,9999.000,9999.000,9999.000,9999.000,9999.000,9999.000,9999.000
202603260012,   6.328,   7.629,9999.000,9999.000,9999.000,9999.000,9999.000,9999.000,9999.000
202603260018,   6.385,   7.717,9999.000,9999.000,9999.000,9999.000,9999.000,9999.000,9999.000
202603260024,   6.434,   7.727,9999.000,9999.000,9999.000,9999.000,9999.000,9999.000,9999.000
202603260030,   6.473,   7.757,9999.000,9999.000,9999.000,9999.000,9999.000,9999.000,9999.000
202603260036,   6.503,   7.796,9999.000,9999.000,9999.000,9999.000,9999.000,9999.000,9999.000
202603260042,   6.523,   7.776,9999.000,9999.000,9999.000,9999.000,9999.000,9999.000,9999.000
202603260048,   6.533,   7.849,9999.000,9999.000,9999.000,9999.000,9999.000,9999.000,9999.000
202603260054,   6.534,   7.849,9999.000,9999.000,9999.000,9999.000,9999.000,9999.000,9999.000
202603260100,   6.525,   7.806,   0.400,   0.881,   7.806,   0.400,   7.806,   0.500,   7.906
202603260106,   6.507,   7.737,9999.000,9999.000,9999.000,9999.000,9999.000,9999.000,9999.000
202603260112,   6.479,   7.688,9999.000,9999.000,9999.000,9999.000,9999.000,9999.000,9999.000
202603260118,   6.443,   7.639,9999.000,9999.000,9999.000,9999.000,9999.000,9999.000,9999.000
202603260124,   6.399,   7.537,9999.000,9999.000,9999.000,9999.000,9999.000,9999.000,9999.000
202603260130,   6.346,   7.458,9999.000,9999.000,9999.000,9999.000,9999.000,9999.000,9999.000
202603260136,   6.286,   7.366,9999.000,9999.000,9999.000,9999.000,9999.000,9999.000,9999.000
202603260142,   6.219,   7.268,9999.000,9999.000,9999.000,9999.000,9999.000,9999.000,9999.000
202603260148,   6.146,   7.189,9999.000,9999.000,9999.000,9999.000,9999.000,9999.000,9999.000
202603260154,   6.066,   7.088,9999.000,9999.000,9999.000,9999.000,9999.000,9999.000,9999.000
202603260200,   5.982,   6.966,   0.400,   0.584,   6.966,   0.400,   6.966,   0.500,   7.066
202603260206,   5.892,   6.868,9999.000,9999.000,9999.000,9999.000,9999.000,9999.000,9999.000
202603260212,   5.798,   6.756,9999.000,9999.000,9999.000,9999.000,9999.000,9999.000,9999.000
202603260218,   5.701,   6.648,9999.000,9999.000,9999.000,9999.000,9999.000,9999.000,9999.000
202603260224,   5.599,   6.546,9999.000,9999.000,9999.000,9999.000,9999.000,9999.000,9999.000
202603260230,   5.495,   6.438,9999.000,9999.000,9999.000,9999.000,9999.000,9999.000,9999.000
202603260236,   5.389,   6.327,9999.000,9999.000,9999.000,9999.000,9999.000,9999.000,9999.000
202603260242,   5.280,   6.199,9999.000,9999.000,9999.000,9999.000,9999.000,9999.000,9999.000
202603260248,   5.170,   6.077,9999.000,9999.000,9999.000,9999.000,9999.000,9999.000,9999.000
202603260254,   5.058,   5.959,9999.000,9999.000,9999.000,9999.000,9999.000,9999.000,9999.000
202603260300,   4.944,   5.848,   0.400,   0.504,   5.848,   0.400,   5.848,   0.500,   5.948
202603260306,   4.830,   5.730,9999.000,9999.000,9999.000,9999.000,9999.000,9999.000,9999.000
202603260312,   4.714,   5.598,9999.000,9999.000,9999.000,9999.000,9999.000,9999.000,9999.000
202603260318,   4.598,   5.477,9999.000,9999.000,9999.000,9999.000,9999.000,9999.000,9999.000
202603260324,   4.482,   5.369,9999.000,9999.000,9999.000,9999.000,9999.000,9999.000,9999.000
202603260330,   4.365,   5.257,9999.000,9999.000,9999.000,9999.000,9999.000,9999.000,9999.000
202603260336,   4.248,   5.139,9999.000,9999.000,9999.000,9999.000,9999.000,9999.000,9999.000
202603260342,   4.131,   5.028,9999.000,9999.000,9999.000,9999.000,9999.000,9999.000,9999.000
202603260348,   4.015,   4.910,9999.000,9999.000,9999.000,9999.000,9999.000,9999.000,9999.000
202603260354,   3.899,   4.798,9999.000,9999.000,9999.000,9999.000,9999.000,9999.000,9999.000
202603260400,   3.784,   4.700,   0.400,   0.516,   4.700,   0.400,   4.700,   0.500,   4.800
202603260406,   3.669,   4.529,9999.000,9999.000,9999.000,9999.000,9999.000,9999.000,9999.000
202603260412,   3.556,   4.447,9999.000,9999.000,9999.000,9999.000,9999.000,9999.000,9999.000
202603260418,   3.444,   4.359,9999.000,9999.000,9999.000,9999.000,9999.000,9999.000,9999.000
202603260424,   3.334,   4.168,9999.000,9999.000,9999.000,9999.000,9999.000,9999.000,9999.000
202603260430,   3.225,   4.099,9999.000,9999.000,9999.000,9999.000,9999.000,9999.000,9999.000
202603260436,   3.118,   4.017,9999.000,9999.000,9999.000,9999.000,9999.000,9999.000,9999.000
202603260442,   3.013,   3.880,9999.000,9999.000,9999.000,9999.000,9999.000,9999.000,9999.000
202603260448,   2.910,   3.788,9999.000,9999.000,9999.000,9999.000,9999.000,9999.000,9999.000
202603260454,   2.809,   3.680,9999.000,9999.000,9999.000,9999.000,9999.000,9999.000,9999.000
202603260500,   2.710,   3.568,   0.400,   0.458,   3.568,   0.400,   3.568,   0.500,   3.668
202603260506,   2.613,   3.460,9999.000,9999.000,9999.000,9999.000,9999.000,9999.000,9999.000
202603260512,   2.518,   3.368,9999.000,9999.000,9999.000,9999.000,9999.000,9999.000,9999.000
202603260518,   2.425,   3.279,9999.000,9999.000,9999.000,9999.000,9999.000,9999.000,9999.000
202603260524,   2.334,   3.168,9999.000,9999.000,9999.000,9999.000,9999.000,9999.000,9999.000
202603260530,   2.245,   3.070,9999.000,9999.000,9999.000,9999.000,9999.000,9999.000,9999.000
202603260536,   2.157,   2.978,9999.000,9999.000,9999.000,9999.000,9999.000,9999.000,9999.000
202603260542,   2.071,   2.879,9999.000,9999.000,9999.000,9999.000,9999.000,9999.000,9999.000
202603260548,   1.986,   2.797,9999.000,9999.000,9999.000,9999.000,9999.000,9999.000,9999.000
202603260554,   1.903,   2.709,9999.000,9999.000,9999.000,9999.000,9999.000,9999.000,9999.000
202603260600,   1.820,   2.620,   0.400,   0.400,   2.620,   0.400,   2.620,   0.500,   2.720
202603260606,   1.739,   2.509,9999.000,9999.000,9999.000,9999.000,9999.000,9999.000,9999.000
202603260612,   1.658,   2.420,9999.000,9999.000,9999.000,9999.000,9999.000,9999.000,9999.000
202603260618,   1.579,   2.328,9999.000,9999.000,9999.000,9999.000,9999.000,9999.000,9999.000
202603260624,   1.501,   2.230,9999.000,9999.000,9999.000,9999.000,9999.000,9999.000,9999.000
202603260630,   1.425,   2.148,9999.000,9999.000,9999.000,9999.000,9999.000,9999.000,9999.000
202603260636,   1.351,   2.059,9999.000,9999.000,9999.000,9999.000,9999.000,9999.000,9999.000
202603260642,   1.279,   1.967,9999.000,9999.000,9999.000,9999.000,9999.000,9999.000,9999.000
202603260648,   1.210,   1.889,9999.000,9999.000,9999.000,9999.000,9999.000,9999.000,9999.000
